minbound,shape,unit
0,39,3
0,37,3
-3,3,3

IX,IY,IZ,value
0,0,0,-1
0,0,1,-1
0,0,2,-1
0,1,0,-1
0,1,1,-1
0,1,2,-1
0,2,0,-1
0,2,1,-1
0,2,2,-1
0,3,0,-1
0,3,1,-1
0,3,2,-1
0,4,0,-1
0,4,1,-1
0,4,2,-1
0,5,0,-1
0,5,1,-1
0,5,2,-1
0,6,0,-1
0,6,1,-1
0,6,2,-1
0,7,0,-1
0,7,1,-1
0,7,2,-1
0,8,0,-1
0,8,1,-1
0,8,2,-1
0,9,0,-1
0,9,1,-1
0,9,2,-1
0,10,0,-1
0,10,1,-1
0,10,2,-1
0,11,0,-1
0,11,1,-1
0,11,2,-1
0,12,0,-1
0,12,1,-1
0,12,2,-1
0,13,0,-1
0,13,1,-1
0,13,2,-1
0,14,0,-1
0,14,1,-1
0,14,2,-1
0,15,0,-1
0,15,1,-1
0,15,2,-1
0,16,0,-1
0,16,1,-1
0,16,2,-1
0,17,0,-1
0,17,1,-1
0,17,2,-1
0,18,0,-1
0,18,1,-1
0,18,2,-1
0,19,0,-1
0,19,1,-1
0,19,2,-1
0,20,0,-1
0,20,1,-1
0,20,2,-1
0,21,0,-1
0,21,1,-1
0,21,2,-1
0,22,0,-1
0,22,1,-1
0,22,2,-1
0,23,0,-1
0,23,1,-1
0,23,2,-1
0,24,0,-1
0,24,1,-1
0,24,2,-1
0,25,0,-1
0,25,1,-1
0,25,2,-1
0,26,0,-1
0,26,1,-1
0,26,2,-1
0,27,0,-1
0,27,1,-1
0,27,2,-1
0,28,0,-1
0,28,1,-1
0,28,2,-1
0,29,0,-1
0,29,1,-1
0,29,2,-1
0,30,0,-1
0,30,1,-1
0,30,2,-1
0,31,0,-1
0,31,1,-1
0,31,2,-1
0,32,0,-1
0,32,1,-1
0,32,2,-1
0,33,0,-1
0,33,1,-1
0,33,2,-1
0,34,0,-1
0,34,1,-1
0,34,2,-1
0,35,0,-1
0,35,1,-1
0,35,2,-1
0,36,0,-1
0,36,1,-1
0,36,2,-1
1,0,0,-1
1,0,1,-1
1,0,2,-1
1,1,0,-1
1,1,1,-1
1,1,2,-1
1,2,0,-1
1,2,1,-1
1,2,2,-1
1,3,0,-1
1,3,1,-1
1,3,2,-1
1,4,0,-1
1,4,1,-1
1,4,2,-1
1,5,0,-1
1,5,1,-1
1,5,2,-1
1,6,0,-1
1,6,1,-1
1,6,2,-1
1,7,0,-1
1,7,1,-1
1,7,2,-1
1,8,0,-1
1,8,1,-1
1,8,2,-1
1,9,0,-1
1,9,1,-1
1,9,2,-1
1,10,0,-1
1,10,1,-1
1,10,2,-1
1,11,0,-1
1,11,1,-1
1,11,2,-1
1,12,0,-1
1,12,1,-1
1,12,2,-1
1,13,0,-1
1,13,1,-1
1,13,2,-1
1,14,0,-1
1,14,1,-1
1,14,2,-1
1,15,0,-1
1,15,1,-1
1,15,2,-1
1,16,0,-1
1,16,1,-1
1,16,2,-1
1,17,0,-1
1,17,1,-1
1,17,2,-1
1,18,0,-1
1,18,1,-1
1,18,2,-1
1,19,0,-1
1,19,1,-1
1,19,2,-1
1,20,0,-1
1,20,1,19
1,20,2,-1
1,21,0,-1
1,21,1,19
1,21,2,-1
1,22,0,-1
1,22,1,24
1,22,2,-1
1,23,0,-1
1,23,1,24
1,23,2,-1
1,24,0,-1
1,24,1,24
1,24,2,-1
1,25,0,-1
1,25,1,24
1,25,2,-1
1,26,0,-1
1,26,1,24
1,26,2,-1
1,27,0,-1
1,27,1,-1
1,27,2,-1
1,28,0,-1
1,28,1,-1
1,28,2,-1
1,29,0,-1
1,29,1,-1
1,29,2,-1
1,30,0,-1
1,30,1,-1
1,30,2,-1
1,31,0,-1
1,31,1,-1
1,31,2,-1
1,32,0,-1
1,32,1,-1
1,32,2,-1
1,33,0,-1
1,33,1,-1
1,33,2,-1
1,34,0,-1
1,34,1,-1
1,34,2,-1
1,35,0,-1
1,35,1,-1
1,35,2,-1
1,36,0,-1
1,36,1,-1
1,36,2,-1
2,0,0,-1
2,0,1,-1
2,0,2,-1
2,1,0,-1
2,1,1,-1
2,1,2,-1
2,2,0,-1
2,2,1,-1
2,2,2,-1
2,3,0,-1
2,3,1,-1
2,3,2,-1
2,4,0,-1
2,4,1,-1
2,4,2,-1
2,5,0,-1
2,5,1,-1
2,5,2,-1
2,6,0,-1
2,6,1,-1
2,6,2,-1
2,7,0,-1
2,7,1,-1
2,7,2,-1
2,8,0,-1
2,8,1,-1
2,8,2,-1
2,9,0,-1
2,9,1,-1
2,9,2,-1
2,10,0,-1
2,10,1,-1
2,10,2,-1
2,11,0,-1
2,11,1,-1
2,11,2,-1
2,12,0,-1
2,12,1,-1
2,12,2,-1
2,13,0,-1
2,13,1,-1
2,13,2,-1
2,14,0,-1
2,14,1,-1
2,14,2,-1
2,15,0,-1
2,15,1,-1
2,15,2,-1
2,16,0,-1
2,16,1,-1
2,16,2,-1
2,17,0,-1
2,17,1,-1
2,17,2,-1
2,18,0,-1
2,18,1,-1
2,18,2,-1
2,19,0,-1
2,19,1,-1
2,19,2,-1
2,20,0,-1
2,20,1,19
2,20,2,-1
2,21,0,-1
2,21,1,24
2,21,2,-1
2,22,0,-1
2,22,1,24
2,22,2,-1
2,23,0,-1
2,23,1,24
2,23,2,-1
2,24,0,-1
2,24,1,24
2,24,2,-1
2,25,0,-1
2,25,1,24
2,25,2,-1
2,26,0,-1
2,26,1,24
2,26,2,-1
2,27,0,-1
2,27,1,-1
2,27,2,-1
2,28,0,-1
2,28,1,-1
2,28,2,-1
2,29,0,-1
2,29,1,-1
2,29,2,-1
2,30,0,-1
2,30,1,-1
2,30,2,-1
2,31,0,-1
2,31,1,-1
2,31,2,-1
2,32,0,-1
2,32,1,-1
2,32,2,-1
2,33,0,-1
2,33,1,-1
2,33,2,-1
2,34,0,-1
2,34,1,-1
2,34,2,-1
2,35,0,-1
2,35,1,-1
2,35,2,-1
2,36,0,-1
2,36,1,-1
2,36,2,-1
3,0,0,-1
3,0,1,-1
3,0,2,-1
3,1,0,-1
3,1,1,-1
3,1,2,-1
3,2,0,-1
3,2,1,-1
3,2,2,-1
3,3,0,-1
3,3,1,-1
3,3,2,-1
3,4,0,-1
3,4,1,-1
3,4,2,-1
3,5,0,-1
3,5,1,-1
3,5,2,-1
3,6,0,-1
3,6,1,-1
3,6,2,-1
3,7,0,-1
3,7,1,-1
3,7,2,-1
3,8,0,-1
3,8,1,-1
3,8,2,-1
3,9,0,-1
3,9,1,-1
3,9,2,-1
3,10,0,-1
3,10,1,19
3,10,2,-1
3,11,0,-1
3,11,1,19
3,11,2,-1
3,12,0,-1
3,12,1,19
3,12,2,-1
3,13,0,-1
3,13,1,19
3,13,2,-1
3,14,0,-1
3,14,1,19
3,14,2,-1
3,15,0,-1
3,15,1,19
3,15,2,-1
3,16,0,-1
3,16,1,19
3,16,2,-1
3,17,0,-1
3,17,1,-1
3,17,2,-1
3,18,0,-1
3,18,1,-1
3,18,2,-1
3,19,0,-1
3,19,1,-1
3,19,2,-1
3,20,0,-1
3,20,1,19
3,20,2,-1
3,21,0,-1
3,21,1,24
3,21,2,-1
3,22,0,-1
3,22,1,24
3,22,2,-1
3,23,0,-1
3,23,1,24
3,23,2,-1
3,24,0,-1
3,24,1,24
3,24,2,-1
3,25,0,-1
3,25,1,24
3,25,2,-1
3,26,0,-1
3,26,1,24
3,26,2,-1
3,27,0,-1
3,27,1,-1
3,27,2,-1
3,28,0,-1
3,28,1,-1
3,28,2,-1
3,29,0,-1
3,29,1,24
3,29,2,-1
3,30,0,-1
3,30,1,24
3,30,2,-1
3,31,0,-1
3,31,1,24
3,31,2,-1
3,32,0,-1
3,32,1,24
3,32,2,-1
3,33,0,-1
3,33,1,24
3,33,2,-1
3,34,0,-1
3,34,1,24
3,34,2,-1
3,35,0,-1
3,35,1,19
3,35,2,-1
3,36,0,-1
3,36,1,-1
3,36,2,-1
4,0,0,-1
4,0,1,-1
4,0,2,-1
4,1,0,-1
4,1,1,-1
4,1,2,-1
4,2,0,-1
4,2,1,-1
4,2,2,-1
4,3,0,-1
4,3,1,-1
4,3,2,-1
4,4,0,-1
4,4,1,-1
4,4,2,-1
4,5,0,-1
4,5,1,-1
4,5,2,-1
4,6,0,-1
4,6,1,-1
4,6,2,-1
4,7,0,-1
4,7,1,-1
4,7,2,-1
4,8,0,-1
4,8,1,-1
4,8,2,-1
4,9,0,-1
4,9,1,-1
4,9,2,-1
4,10,0,-1
4,10,1,19
4,10,2,-1
4,11,0,-1
4,11,1,19
4,11,2,-1
4,12,0,-1
4,12,1,19
4,12,2,-1
4,13,0,-1
4,13,1,19
4,13,2,-1
4,14,0,-1
4,14,1,19
4,14,2,-1
4,15,0,-1
4,15,1,19
4,15,2,-1
4,16,0,-1
4,16,1,19
4,16,2,-1
4,17,0,-1
4,17,1,-1
4,17,2,-1
4,18,0,-1
4,18,1,-1
4,18,2,-1
4,19,0,-1
4,19,1,-1
4,19,2,-1
4,20,0,-1
4,20,1,19
4,20,2,-1
4,21,0,-1
4,21,1,24
4,21,2,-1
4,22,0,-1
4,22,1,24
4,22,2,-1
4,23,0,-1
4,23,1,19
4,23,2,-1
4,24,0,-1
4,24,1,19
4,24,2,-1
4,25,0,-1
4,25,1,19
4,25,2,-1
4,26,0,-1
4,26,1,19
4,26,2,-1
4,27,0,-1
4,27,1,-1
4,27,2,-1
4,28,0,-1
4,28,1,-1
4,28,2,-1
4,29,0,-1
4,29,1,24
4,29,2,-1
4,30,0,-1
4,30,1,24
4,30,2,-1
4,31,0,-1
4,31,1,24
4,31,2,-1
4,32,0,-1
4,32,1,24
4,32,2,-1
4,33,0,-1
4,33,1,24
4,33,2,-1
4,34,0,-1
4,34,1,24
4,34,2,-1
4,35,0,-1
4,35,1,19
4,35,2,-1
4,36,0,-1
4,36,1,-1
4,36,2,-1
5,0,0,-1
5,0,1,-1
5,0,2,-1
5,1,0,-1
5,1,1,8
5,1,2,-1
5,2,0,-1
5,2,1,8
5,2,2,-1
5,3,0,-1
5,3,1,24
5,3,2,-1
5,4,0,-1
5,4,1,24
5,4,2,-1
5,5,0,-1
5,5,1,24
5,5,2,-1
5,6,0,-1
5,6,1,24
5,6,2,-1
5,7,0,-1
5,7,1,24
5,7,2,-1
5,8,0,-1
5,8,1,-1
5,8,2,-1
5,9,0,-1
5,9,1,-1
5,9,2,-1
5,10,0,-1
5,10,1,19
5,10,2,-1
5,11,0,-1
5,11,1,19
5,11,2,-1
5,12,0,-1
5,12,1,19
5,12,2,-1
5,13,0,-1
5,13,1,19
5,13,2,-1
5,14,0,-1
5,14,1,19
5,14,2,-1
5,15,0,-1
5,15,1,19
5,15,2,-1
5,16,0,-1
5,16,1,19
5,16,2,-1
5,17,0,-1
5,17,1,-1
5,17,2,-1
5,18,0,-1
5,18,1,-1
5,18,2,-1
5,19,0,-1
5,19,1,-1
5,19,2,-1
5,20,0,-1
5,20,1,19
5,20,2,-1
5,21,0,-1
5,21,1,24
5,21,2,-1
5,22,0,-1
5,22,1,24
5,22,2,-1
5,23,0,-1
5,23,1,19
5,23,2,-1
5,24,0,-1
5,24,1,19
5,24,2,-1
5,25,0,-1
5,25,1,19
5,25,2,-1
5,26,0,-1
5,26,1,19
5,26,2,-1
5,27,0,-1
5,27,1,-1
5,27,2,-1
5,28,0,-1
5,28,1,-1
5,28,2,-1
5,29,0,-1
5,29,1,24
5,29,2,-1
5,30,0,-1
5,30,1,24
5,30,2,-1
5,31,0,-1
5,31,1,24
5,31,2,-1
5,32,0,-1
5,32,1,24
5,32,2,-1
5,33,0,-1
5,33,1,24
5,33,2,-1
5,34,0,-1
5,34,1,24
5,34,2,-1
5,35,0,-1
5,35,1,19
5,35,2,-1
5,36,0,-1
5,36,1,-1
5,36,2,-1
6,0,0,-1
6,0,1,-1
6,0,2,-1
6,1,0,-1
6,1,1,8
6,1,2,-1
6,2,0,-1
6,2,1,8
6,2,2,-1
6,3,0,-1
6,3,1,24
6,3,2,-1
6,4,0,-1
6,4,1,24
6,4,2,-1
6,5,0,-1
6,5,1,24
6,5,2,-1
6,6,0,-1
6,6,1,19
6,6,2,-1
6,7,0,-1
6,7,1,19
6,7,2,-1
6,8,0,-1
6,8,1,-1
6,8,2,-1
6,9,0,-1
6,9,1,-1
6,9,2,-1
6,10,0,-1
6,10,1,19
6,10,2,-1
6,11,0,-1
6,11,1,19
6,11,2,-1
6,12,0,-1
6,12,1,19
6,12,2,-1
6,13,0,-1
6,13,1,19
6,13,2,-1
6,14,0,-1
6,14,1,19
6,14,2,-1
6,15,0,-1
6,15,1,19
6,15,2,-1
6,16,0,-1
6,16,1,19
6,16,2,-1
6,17,0,-1
6,17,1,-1
6,17,2,-1
6,18,0,-1
6,18,1,-1
6,18,2,-1
6,19,0,-1
6,19,1,-1
6,19,2,-1
6,20,0,-1
6,20,1,19
6,20,2,-1
6,21,0,-1
6,21,1,24
6,21,2,-1
6,22,0,-1
6,22,1,24
6,22,2,-1
6,23,0,-1
6,23,1,19
6,23,2,-1
6,24,0,-1
6,24,1,19
6,24,2,-1
6,25,0,-1
6,25,1,19
6,25,2,-1
6,26,0,-1
6,26,1,19
6,26,2,-1
6,27,0,-1
6,27,1,-1
6,27,2,-1
6,28,0,-1
6,28,1,-1
6,28,2,-1
6,29,0,-1
6,29,1,24
6,29,2,-1
6,30,0,-1
6,30,1,24
6,30,2,-1
6,31,0,-1
6,31,1,24
6,31,2,-1
6,32,0,-1
6,32,1,24
6,32,2,-1
6,33,0,-1
6,33,1,24
6,33,2,-1
6,34,0,-1
6,34,1,24
6,34,2,-1
6,35,0,-1
6,35,1,19
6,35,2,-1
6,36,0,-1
6,36,1,-1
6,36,2,-1
7,0,0,-1
7,0,1,-1
7,0,2,-1
7,1,0,-1
7,1,1,8
7,1,2,-1
7,2,0,-1
7,2,1,8
7,2,2,-1
7,3,0,-1
7,3,1,24
7,3,2,-1
7,4,0,-1
7,4,1,24
7,4,2,-1
7,5,0,-1
7,5,1,24
7,5,2,-1
7,6,0,-1
7,6,1,19
7,6,2,-1
7,7,0,-1
7,7,1,19
7,7,2,-1
7,8,0,-1
7,8,1,-1
7,8,2,-1
7,9,0,-1
7,9,1,-1
7,9,2,-1
7,10,0,-1
7,10,1,19
7,10,2,-1
7,11,0,-1
7,11,1,19
7,11,2,-1
7,12,0,-1
7,12,1,19
7,12,2,-1
7,13,0,-1
7,13,1,19
7,13,2,-1
7,14,0,-1
7,14,1,19
7,14,2,-1
7,15,0,-1
7,15,1,19
7,15,2,-1
7,16,0,-1
7,16,1,19
7,16,2,-1
7,17,0,-1
7,17,1,19
7,17,2,-1
7,18,0,-1
7,18,1,19
7,18,2,-1
7,19,0,-1
7,19,1,19
7,19,2,-1
7,20,0,-1
7,20,1,19
7,20,2,-1
7,21,0,-1
7,21,1,24
7,21,2,-1
7,22,0,-1
7,22,1,24
7,22,2,-1
7,23,0,-1
7,23,1,19
7,23,2,-1
7,24,0,-1
7,24,1,19
7,24,2,-1
7,25,0,-1
7,25,1,19
7,25,2,-1
7,26,0,-1
7,26,1,19
7,26,2,-1
7,27,0,-1
7,27,1,19
7,27,2,-1
7,28,0,-1
7,28,1,19
7,28,2,-1
7,29,0,-1
7,29,1,24
7,29,2,-1
7,30,0,-1
7,30,1,24
7,30,2,-1
7,31,0,-1
7,31,1,24
7,31,2,-1
7,32,0,-1
7,32,1,24
7,32,2,-1
7,33,0,-1
7,33,1,24
7,33,2,-1
7,34,0,-1
7,34,1,24
7,34,2,-1
7,35,0,-1
7,35,1,0
7,35,2,-1
7,36,0,-1
7,36,1,-1
7,36,2,-1
8,0,0,-1
8,0,1,-1
8,0,2,-1
8,1,0,-1
8,1,1,8
8,1,2,-1
8,2,0,-1
8,2,1,8
8,2,2,-1
8,3,0,-1
8,3,1,24
8,3,2,-1
8,4,0,-1
8,4,1,24
8,4,2,-1
8,5,0,-1
8,5,1,24
8,5,2,-1
8,6,0,-1
8,6,1,19
8,6,2,-1
8,7,0,-1
8,7,1,19
8,7,2,-1
8,8,0,-1
8,8,1,19
8,8,2,-1
8,9,0,-1
8,9,1,19
8,9,2,-1
8,10,0,-1
8,10,1,19
8,10,2,-1
8,11,0,-1
8,11,1,19
8,11,2,-1
8,12,0,-1
8,12,1,19
8,12,2,-1
8,13,0,-1
8,13,1,19
8,13,2,-1
8,14,0,-1
8,14,1,19
8,14,2,-1
8,15,0,-1
8,15,1,19
8,15,2,-1
8,16,0,-1
8,16,1,19
8,16,2,-1
8,17,0,-1
8,17,1,19
8,17,2,-1
8,18,0,-1
8,18,1,19
8,18,2,-1
8,19,0,-1
8,19,1,19
8,19,2,-1
8,20,0,-1
8,20,1,19
8,20,2,-1
8,21,0,-1
8,21,1,24
8,21,2,-1
8,22,0,-1
8,22,1,24
8,22,2,-1
8,23,0,-1
8,23,1,19
8,23,2,-1
8,24,0,-1
8,24,1,19
8,24,2,-1
8,25,0,-1
8,25,1,19
8,25,2,-1
8,26,0,-1
8,26,1,19
8,26,2,-1
8,27,0,-1
8,27,1,19
8,27,2,-1
8,28,0,-1
8,28,1,19
8,28,2,-1
8,29,0,-1
8,29,1,19
8,29,2,-1
8,30,0,-1
8,30,1,24
8,30,2,-1
8,31,0,-1
8,31,1,24
8,31,2,-1
8,32,0,-1
8,32,1,24
8,32,2,-1
8,33,0,-1
8,33,1,24
8,33,2,-1
8,34,0,-1
8,34,1,24
8,34,2,-1
8,35,0,-1
8,35,1,0
8,35,2,-1
8,36,0,-1
8,36,1,-1
8,36,2,-1
9,0,0,-1
9,0,1,-1
9,0,2,-1
9,1,0,-1
9,1,1,8
9,1,2,-1
9,2,0,-1
9,2,1,11
9,2,2,-1
9,3,0,-1
9,3,1,11
9,3,2,-1
9,4,0,-1
9,4,1,24
9,4,2,-1
9,5,0,-1
9,5,1,24
9,5,2,-1
9,6,0,-1
9,6,1,24
9,6,2,-1
9,7,0,-1
9,7,1,24
9,7,2,-1
9,8,0,-1
9,8,1,11
9,8,2,-1
9,9,0,-1
9,9,1,11
9,9,2,-1
9,10,0,-1
9,10,1,24
9,10,2,-1
9,11,0,-1
9,11,1,19
9,11,2,-1
9,12,0,-1
9,12,1,19
9,12,2,-1
9,13,0,-1
9,13,1,19
9,13,2,-1
9,14,0,-1
9,14,1,19
9,14,2,-1
9,15,0,-1
9,15,1,19
9,15,2,-1
9,16,0,-1
9,16,1,19
9,16,2,-1
9,17,0,-1
9,17,1,19
9,17,2,-1
9,18,0,-1
9,18,1,19
9,18,2,-1
9,19,0,-1
9,19,1,19
9,19,2,-1
9,20,0,-1
9,20,1,19
9,20,2,-1
9,21,0,-1
9,21,1,24
9,21,2,-1
9,22,0,-1
9,22,1,24
9,22,2,-1
9,23,0,-1
9,23,1,19
9,23,2,-1
9,24,0,-1
9,24,1,19
9,24,2,-1
9,25,0,-1
9,25,1,19
9,25,2,-1
9,26,0,-1
9,26,1,19
9,26,2,-1
9,27,0,-1
9,27,1,19
9,27,2,-1
9,28,0,-1
9,28,1,19
9,28,2,-1
9,29,0,-1
9,29,1,19
9,29,2,-1
9,30,0,-1
9,30,1,19
9,30,2,-1
9,31,0,-1
9,31,1,19
9,31,2,-1
9,32,0,-1
9,32,1,24
9,32,2,-1
9,33,0,-1
9,33,1,24
9,33,2,-1
9,34,0,-1
9,34,1,24
9,34,2,-1
9,35,0,-1
9,35,1,0
9,35,2,-1
9,36,0,-1
9,36,1,-1
9,36,2,-1
10,0,0,-1
10,0,1,-1
10,0,2,-1
10,1,0,-1
10,1,1,8
10,1,2,-1
10,2,0,-1
10,2,1,11
10,2,2,-1
10,3,0,-1
10,3,1,11
10,3,2,-1
10,4,0,-1
10,4,1,11
10,4,2,-1
10,5,0,-1
10,5,1,11
10,5,2,-1
10,6,0,-1
10,6,1,11
10,6,2,-1
10,7,0,-1
10,7,1,11
10,7,2,-1
10,8,0,-1
10,8,1,11
10,8,2,-1
10,9,0,-1
10,9,1,11
10,9,2,-1
10,10,0,-1
10,10,1,24
10,10,2,-1
10,11,0,-1
10,11,1,19
10,11,2,-1
10,12,0,-1
10,12,1,19
10,12,2,-1
10,13,0,-1
10,13,1,19
10,13,2,-1
10,14,0,-1
10,14,1,19
10,14,2,-1
10,15,0,-1
10,15,1,19
10,15,2,-1
10,16,0,-1
10,16,1,19
10,16,2,-1
10,17,0,-1
10,17,1,19
10,17,2,-1
10,18,0,-1
10,18,1,19
10,18,2,-1
10,19,0,-1
10,19,1,19
10,19,2,-1
10,20,0,-1
10,20,1,19
10,20,2,-1
10,21,0,-1
10,21,1,24
10,21,2,-1
10,22,0,-1
10,22,1,24
10,22,2,-1
10,23,0,-1
10,23,1,19
10,23,2,-1
10,24,0,-1
10,24,1,19
10,24,2,-1
10,25,0,-1
10,25,1,19
10,25,2,-1
10,26,0,-1
10,26,1,19
10,26,2,-1
10,27,0,-1
10,27,1,19
10,27,2,-1
10,28,0,-1
10,28,1,19
10,28,2,-1
10,29,0,-1
10,29,1,19
10,29,2,-1
10,30,0,-1
10,30,1,19
10,30,2,-1
10,31,0,-1
10,31,1,19
10,31,2,-1
10,32,0,-1
10,32,1,24
10,32,2,-1
10,33,0,-1
10,33,1,24
10,33,2,-1
10,34,0,-1
10,34,1,24
10,34,2,-1
10,35,0,-1
10,35,1,0
10,35,2,-1
10,36,0,-1
10,36,1,-1
10,36,2,-1
11,0,0,-1
11,0,1,-1
11,0,2,-1
11,1,0,-1
11,1,1,8
11,1,2,-1
11,2,0,-1
11,2,1,11
11,2,2,-1
11,3,0,-1
11,3,1,11
11,3,2,-1
11,4,0,-1
11,4,1,11
11,4,2,-1
11,5,0,-1
11,5,1,-1
11,5,2,-1
11,6,0,-1
11,6,1,-1
11,6,2,-1
11,7,0,-1
11,7,1,-1
11,7,2,-1
11,8,0,-1
11,8,1,-1
11,8,2,-1
11,9,0,-1
11,9,1,-1
11,9,2,-1
11,10,0,-1
11,10,1,-1
11,10,2,-1
11,11,0,-1
11,11,1,-1
11,11,2,-1
11,12,0,-1
11,12,1,-1
11,12,2,-1
11,13,0,-1
11,13,1,19
11,13,2,-1
11,14,0,-1
11,14,1,19
11,14,2,-1
11,15,0,-1
11,15,1,19
11,15,2,-1
11,16,0,-1
11,16,1,19
11,16,2,-1
11,17,0,-1
11,17,1,-1
11,17,2,-1
11,18,0,-1
11,18,1,-1
11,18,2,-1
11,19,0,-1
11,19,1,-1
11,19,2,-1
11,20,0,-1
11,20,1,19
11,20,2,-1
11,21,0,-1
11,21,1,19
11,21,2,-1
11,22,0,-1
11,22,1,19
11,22,2,-1
11,23,0,-1
11,23,1,19
11,23,2,-1
11,24,0,-1
11,24,1,-1
11,24,2,-1
11,25,0,-1
11,25,1,-1
11,25,2,-1
11,26,0,-1
11,26,1,-1
11,26,2,-1
11,27,0,-1
11,27,1,-1
11,27,2,-1
11,28,0,-1
11,28,1,-1
11,28,2,-1
11,29,0,-1
11,29,1,-1
11,29,2,-1
11,30,0,-1
11,30,1,-1
11,30,2,-1
11,31,0,-1
11,31,1,19
11,31,2,-1
11,32,0,-1
11,32,1,24
11,32,2,-1
11,33,0,-1
11,33,1,24
11,33,2,-1
11,34,0,-1
11,34,1,24
11,34,2,-1
11,35,0,-1
11,35,1,0
11,35,2,-1
11,36,0,-1
11,36,1,-1
11,36,2,-1
12,0,0,-1
12,0,1,-1
12,0,2,-1
12,1,0,-1
12,1,1,8
12,1,2,-1
12,2,0,-1
12,2,1,11
12,2,2,-1
12,3,0,-1
12,3,1,11
12,3,2,-1
12,4,0,-1
12,4,1,11
12,4,2,-1
12,5,0,-1
12,5,1,-1
12,5,2,-1
12,6,0,-1
12,6,1,-1
12,6,2,-1
12,7,0,-1
12,7,1,-1
12,7,2,-1
12,8,0,-1
12,8,1,-1
12,8,2,-1
12,9,0,-1
12,9,1,-1
12,9,2,-1
12,10,0,-1
12,10,1,-1
12,10,2,-1
12,11,0,-1
12,11,1,-1
12,11,2,-1
12,12,0,-1
12,12,1,-1
12,12,2,-1
12,13,0,-1
12,13,1,19
12,13,2,-1
12,14,0,-1
12,14,1,19
12,14,2,-1
12,15,0,-1
12,15,1,19
12,15,2,-1
12,16,0,-1
12,16,1,19
12,16,2,-1
12,17,0,-1
12,17,1,-1
12,17,2,-1
12,18,0,-1
12,18,1,-1
12,18,2,-1
12,19,0,-1
12,19,1,-1
12,19,2,-1
12,20,0,-1
12,20,1,19
12,20,2,-1
12,21,0,-1
12,21,1,19
12,21,2,-1
12,22,0,-1
12,22,1,19
12,22,2,-1
12,23,0,-1
12,23,1,19
12,23,2,-1
12,24,0,-1
12,24,1,-1
12,24,2,-1
12,25,0,-1
12,25,1,-1
12,25,2,-1
12,26,0,-1
12,26,1,-1
12,26,2,-1
12,27,0,-1
12,27,1,-1
12,27,2,-1
12,28,0,-1
12,28,1,-1
12,28,2,-1
12,29,0,-1
12,29,1,-1
12,29,2,-1
12,30,0,-1
12,30,1,-1
12,30,2,-1
12,31,0,-1
12,31,1,19
12,31,2,-1
12,32,0,-1
12,32,1,24
12,32,2,-1
12,33,0,-1
12,33,1,0
12,33,2,-1
12,34,0,-1
12,34,1,0
12,34,2,-1
12,35,0,-1
12,35,1,0
12,35,2,-1
12,36,0,-1
12,36,1,-1
12,36,2,-1
13,0,0,-1
13,0,1,-1
13,0,2,-1
13,1,0,-1
13,1,1,8
13,1,2,-1
13,2,0,-1
13,2,1,11
13,2,2,-1
13,3,0,-1
13,3,1,11
13,3,2,-1
13,4,0,-1
13,4,1,11
13,4,2,-1
13,5,0,-1
13,5,1,-1
13,5,2,-1
13,6,0,-1
13,6,1,-1
13,6,2,-1
13,7,0,-1
13,7,1,-1
13,7,2,-1
13,8,0,-1
13,8,1,-1
13,8,2,-1
13,9,0,-1
13,9,1,-1
13,9,2,-1
13,10,0,-1
13,10,1,-1
13,10,2,-1
13,11,0,-1
13,11,1,-1
13,11,2,-1
13,12,0,-1
13,12,1,-1
13,12,2,-1
13,13,0,-1
13,13,1,19
13,13,2,-1
13,14,0,-1
13,14,1,19
13,14,2,-1
13,15,0,-1
13,15,1,19
13,15,2,-1
13,16,0,-1
13,16,1,19
13,16,2,-1
13,17,0,-1
13,17,1,19
13,17,2,-1
13,18,0,-1
13,18,1,-1
13,18,2,-1
13,19,0,-1
13,19,1,-1
13,19,2,-1
13,20,0,-1
13,20,1,19
13,20,2,-1
13,21,0,-1
13,21,1,19
13,21,2,-1
13,22,0,-1
13,22,1,19
13,22,2,-1
13,23,0,-1
13,23,1,19
13,23,2,-1
13,24,0,-1
13,24,1,-1
13,24,2,-1
13,25,0,-1
13,25,1,-1
13,25,2,-1
13,26,0,-1
13,26,1,-1
13,26,2,-1
13,27,0,-1
13,27,1,-1
13,27,2,-1
13,28,0,-1
13,28,1,-1
13,28,2,-1
13,29,0,-1
13,29,1,-1
13,29,2,-1
13,30,0,-1
13,30,1,-1
13,30,2,-1
13,31,0,-1
13,31,1,24
13,31,2,-1
13,32,0,-1
13,32,1,24
13,32,2,-1
13,33,0,-1
13,33,1,0
13,33,2,-1
13,34,0,-1
13,34,1,0
13,34,2,-1
13,35,0,-1
13,35,1,0
13,35,2,-1
13,36,0,-1
13,36,1,-1
13,36,2,-1
14,0,0,-1
14,0,1,-1
14,0,2,-1
14,1,0,-1
14,1,1,8
14,1,2,-1
14,2,0,-1
14,2,1,11
14,2,2,-1
14,3,0,-1
14,3,1,11
14,3,2,-1
14,4,0,-1
14,4,1,11
14,4,2,-1
14,5,0,-1
14,5,1,-1
14,5,2,-1
14,6,0,-1
14,6,1,-1
14,6,2,-1
14,7,0,-1
14,7,1,-1
14,7,2,-1
14,8,0,-1
14,8,1,-1
14,8,2,-1
14,9,0,-1
14,9,1,-1
14,9,2,-1
14,10,0,-1
14,10,1,-1
14,10,2,-1
14,11,0,-1
14,11,1,-1
14,11,2,-1
14,12,0,-1
14,12,1,-1
14,12,2,-1
14,13,0,-1
14,13,1,19
14,13,2,-1
14,14,0,-1
14,14,1,19
14,14,2,-1
14,15,0,-1
14,15,1,19
14,15,2,-1
14,16,0,-1
14,16,1,0
14,16,2,-1
14,17,0,-1
14,17,1,19
14,17,2,-1
14,18,0,-1
14,18,1,19
14,18,2,-1
14,19,0,-1
14,19,1,19
14,19,2,-1
14,20,0,-1
14,20,1,19
14,20,2,-1
14,21,0,-1
14,21,1,19
14,21,2,-1
14,22,0,-1
14,22,1,19
14,22,2,-1
14,23,0,-1
14,23,1,19
14,23,2,-1
14,24,0,-1
14,24,1,-1
14,24,2,-1
14,25,0,-1
14,25,1,-1
14,25,2,-1
14,26,0,-1
14,26,1,-1
14,26,2,-1
14,27,0,-1
14,27,1,-1
14,27,2,-1
14,28,0,-1
14,28,1,-1
14,28,2,-1
14,29,0,-1
14,29,1,-1
14,29,2,-1
14,30,0,-1
14,30,1,-1
14,30,2,-1
14,31,0,-1
14,31,1,24
14,31,2,-1
14,32,0,-1
14,32,1,0
14,32,2,-1
14,33,0,-1
14,33,1,0
14,33,2,-1
14,34,0,-1
14,34,1,0
14,34,2,-1
14,35,0,-1
14,35,1,0
14,35,2,-1
14,36,0,-1
14,36,1,-1
14,36,2,-1
15,0,0,-1
15,0,1,-1
15,0,2,-1
15,1,0,-1
15,1,1,8
15,1,2,-1
15,2,0,-1
15,2,1,11
15,2,2,-1
15,3,0,-1
15,3,1,11
15,3,2,-1
15,4,0,-1
15,4,1,11
15,4,2,-1
15,5,0,-1
15,5,1,-1
15,5,2,-1
15,6,0,-1
15,6,1,-1
15,6,2,-1
15,7,0,-1
15,7,1,-1
15,7,2,-1
15,8,0,-1
15,8,1,11
15,8,2,-1
15,9,0,-1
15,9,1,11
15,9,2,-1
15,10,0,-1
15,10,1,11
15,10,2,-1
15,11,0,-1
15,11,1,11
15,11,2,-1
15,12,0,-1
15,12,1,11
15,12,2,-1
15,13,0,-1
15,13,1,11
15,13,2,-1
15,14,0,-1
15,14,1,11
15,14,2,-1
15,15,0,-1
15,15,1,0
15,15,2,-1
15,16,0,-1
15,16,1,0
15,16,2,-1
15,17,0,-1
15,17,1,0
15,17,2,-1
15,18,0,-1
15,18,1,0
15,18,2,-1
15,19,0,-1
15,19,1,0
15,19,2,-1
15,20,0,-1
15,20,1,0
15,20,2,-1
15,21,0,-1
15,21,1,0
15,21,2,-1
15,22,0,-1
15,22,1,0
15,22,2,-1
15,23,0,-1
15,23,1,0
15,23,2,-1
15,24,0,-1
15,24,1,0
15,24,2,-1
15,25,0,-1
15,25,1,0
15,25,2,-1
15,26,0,-1
15,26,1,0
15,26,2,-1
15,27,0,-1
15,27,1,0
15,27,2,-1
15,28,0,-1
15,28,1,0
15,28,2,-1
15,29,0,-1
15,29,1,0
15,29,2,-1
15,30,0,-1
15,30,1,0
15,30,2,-1
15,31,0,-1
15,31,1,24
15,31,2,-1
15,32,0,-1
15,32,1,0
15,32,2,-1
15,33,0,-1
15,33,1,0
15,33,2,-1
15,34,0,-1
15,34,1,0
15,34,2,-1
15,35,0,-1
15,35,1,0
15,35,2,-1
15,36,0,-1
15,36,1,-1
15,36,2,-1
16,0,0,-1
16,0,1,-1
16,0,2,-1
16,1,0,-1
16,1,1,8
16,1,2,-1
16,2,0,-1
16,2,1,11
16,2,2,-1
16,3,0,-1
16,3,1,11
16,3,2,-1
16,4,0,-1
16,4,1,11
16,4,2,-1
16,5,0,-1
16,5,1,-1
16,5,2,-1
16,6,0,-1
16,6,1,-1
16,6,2,-1
16,7,0,-1
16,7,1,-1
16,7,2,-1
16,8,0,-1
16,8,1,11
16,8,2,-1
16,9,0,-1
16,9,1,11
16,9,2,-1
16,10,0,-1
16,10,1,11
16,10,2,-1
16,11,0,-1
16,11,1,11
16,11,2,-1
16,12,0,-1
16,12,1,11
16,12,2,-1
16,13,0,-1
16,13,1,11
16,13,2,-1
16,14,0,-1
16,14,1,11
16,14,2,-1
16,15,0,-1
16,15,1,11
16,15,2,-1
16,16,0,-1
16,16,1,0
16,16,2,-1
16,17,0,-1
16,17,1,0
16,17,2,-1
16,18,0,-1
16,18,1,0
16,18,2,-1
16,19,0,-1
16,19,1,0
16,19,2,-1
16,20,0,-1
16,20,1,0
16,20,2,-1
16,21,0,-1
16,21,1,0
16,21,2,-1
16,22,0,-1
16,22,1,0
16,22,2,-1
16,23,0,-1
16,23,1,0
16,23,2,-1
16,24,0,-1
16,24,1,0
16,24,2,-1
16,25,0,-1
16,25,1,0
16,25,2,-1
16,26,0,-1
16,26,1,0
16,26,2,-1
16,27,0,-1
16,27,1,0
16,27,2,-1
16,28,0,-1
16,28,1,0
16,28,2,-1
16,29,0,-1
16,29,1,0
16,29,2,-1
16,30,0,-1
16,30,1,0
16,30,2,-1
16,31,0,-1
16,31,1,24
16,31,2,-1
16,32,0,-1
16,32,1,0
16,32,2,-1
16,33,0,-1
16,33,1,0
16,33,2,-1
16,34,0,-1
16,34,1,0
16,34,2,-1
16,35,0,-1
16,35,1,0
16,35,2,-1
16,36,0,-1
16,36,1,-1
16,36,2,-1
17,0,0,-1
17,0,1,-1
17,0,2,-1
17,1,0,-1
17,1,1,8
17,1,2,-1
17,2,0,-1
17,2,1,8
17,2,2,-1
17,3,0,-1
17,3,1,8
17,3,2,-1
17,4,0,-1
17,4,1,11
17,4,2,-1
17,5,0,-1
17,5,1,11
17,5,2,-1
17,6,0,-1
17,6,1,11
17,6,2,-1
17,7,0,-1
17,7,1,11
17,7,2,-1
17,8,0,-1
17,8,1,11
17,8,2,-1
17,9,0,-1
17,9,1,11
17,9,2,-1
17,10,0,-1
17,10,1,11
17,10,2,-1
17,11,0,-1
17,11,1,11
17,11,2,-1
17,12,0,-1
17,12,1,11
17,12,2,-1
17,13,0,-1
17,13,1,11
17,13,2,-1
17,14,0,-1
17,14,1,11
17,14,2,-1
17,15,0,-1
17,15,1,11
17,15,2,-1
17,16,0,-1
17,16,1,0
17,16,2,-1
17,17,0,-1
17,17,1,0
17,17,2,-1
17,18,0,-1
17,18,1,0
17,18,2,-1
17,19,0,-1
17,19,1,0
17,19,2,-1
17,20,0,-1
17,20,1,0
17,20,2,-1
17,21,0,-1
17,21,1,0
17,21,2,-1
17,22,0,-1
17,22,1,0
17,22,2,-1
17,23,0,-1
17,23,1,0
17,23,2,-1
17,24,0,-1
17,24,1,0
17,24,2,-1
17,25,0,-1
17,25,1,0
17,25,2,-1
17,26,0,-1
17,26,1,0
17,26,2,-1
17,27,0,-1
17,27,1,0
17,27,2,-1
17,28,0,-1
17,28,1,0
17,28,2,-1
17,29,0,-1
17,29,1,0
17,29,2,-1
17,30,0,-1
17,30,1,0
17,30,2,-1
17,31,0,-1
17,31,1,0
17,31,2,-1
17,32,0,-1
17,32,1,0
17,32,2,-1
17,33,0,-1
17,33,1,0
17,33,2,-1
17,34,0,-1
17,34,1,0
17,34,2,-1
17,35,0,-1
17,35,1,0
17,35,2,-1
17,36,0,-1
17,36,1,-1
17,36,2,-1
18,0,0,-1
18,0,1,-1
18,0,2,-1
18,1,0,-1
18,1,1,8
18,1,2,-1
18,2,0,-1
18,2,1,8
18,2,2,-1
18,3,0,-1
18,3,1,8
18,3,2,-1
18,4,0,-1
18,4,1,11
18,4,2,-1
18,5,0,-1
18,5,1,11
18,5,2,-1
18,6,0,-1
18,6,1,11
18,6,2,-1
18,7,0,-1
18,7,1,11
18,7,2,-1
18,8,0,-1
18,8,1,11
18,8,2,-1
18,9,0,-1
18,9,1,11
18,9,2,-1
18,10,0,-1
18,10,1,11
18,10,2,-1
18,11,0,-1
18,11,1,11
18,11,2,-1
18,12,0,-1
18,12,1,11
18,12,2,-1
18,13,0,-1
18,13,1,11
18,13,2,-1
18,14,0,-1
18,14,1,11
18,14,2,-1
18,15,0,-1
18,15,1,11
18,15,2,-1
18,16,0,-1
18,16,1,0
18,16,2,-1
18,17,0,-1
18,17,1,0
18,17,2,-1
18,18,0,-1
18,18,1,0
18,18,2,-1
18,19,0,-1
18,19,1,0
18,19,2,-1
18,20,0,-1
18,20,1,0
18,20,2,-1
18,21,0,-1
18,21,1,0
18,21,2,-1
18,22,0,-1
18,22,1,0
18,22,2,-1
18,23,0,-1
18,23,1,0
18,23,2,-1
18,24,0,-1
18,24,1,0
18,24,2,-1
18,25,0,-1
18,25,1,0
18,25,2,-1
18,26,0,-1
18,26,1,0
18,26,2,-1
18,27,0,-1
18,27,1,0
18,27,2,-1
18,28,0,-1
18,28,1,0
18,28,2,-1
18,29,0,-1
18,29,1,0
18,29,2,-1
18,30,0,-1
18,30,1,0
18,30,2,-1
18,31,0,-1
18,31,1,0
18,31,2,-1
18,32,0,-1
18,32,1,0
18,32,2,-1
18,33,0,-1
18,33,1,0
18,33,2,-1
18,34,0,-1
18,34,1,0
18,34,2,-1
18,35,0,-1
18,35,1,0
18,35,2,-1
18,36,0,-1
18,36,1,-1
18,36,2,-1
19,0,0,-1
19,0,1,-1
19,0,2,-1
19,1,0,-1
19,1,1,8
19,1,2,-1
19,2,0,-1
19,2,1,8
19,2,2,-1
19,3,0,-1
19,3,1,8
19,3,2,-1
19,4,0,-1
19,4,1,11
19,4,2,-1
19,5,0,-1
19,5,1,11
19,5,2,-1
19,6,0,-1
19,6,1,11
19,6,2,-1
19,7,0,-1
19,7,1,11
19,7,2,-1
19,8,0,-1
19,8,1,-1
19,8,2,-1
19,9,0,-1
19,9,1,-1
19,9,2,-1
19,10,0,-1
19,10,1,11
19,10,2,-1
19,11,0,-1
19,11,1,11
19,11,2,-1
19,12,0,-1
19,12,1,11
19,12,2,-1
19,13,0,-1
19,13,1,11
19,13,2,-1
19,14,0,-1
19,14,1,11
19,14,2,-1
19,15,0,-1
19,15,1,11
19,15,2,-1
19,16,0,-1
19,16,1,0
19,16,2,-1
19,17,0,-1
19,17,1,-1
19,17,2,-1
19,18,0,-1
19,18,1,-1
19,18,2,-1
19,19,0,-1
19,19,1,-1
19,19,2,-1
19,20,0,-1
19,20,1,0
19,20,2,-1
19,21,0,-1
19,21,1,0
19,21,2,-1
19,22,0,-1
19,22,1,0
19,22,2,-1
19,23,0,-1
19,23,1,0
19,23,2,-1
19,24,0,-1
19,24,1,0
19,24,2,-1
19,25,0,-1
19,25,1,0
19,25,2,-1
19,26,0,-1
19,26,1,0
19,26,2,-1
19,27,0,-1
19,27,1,-1
19,27,2,-1
19,28,0,-1
19,28,1,-1
19,28,2,-1
19,29,0,-1
19,29,1,0
19,29,2,-1
19,30,0,-1
19,30,1,0
19,30,2,-1
19,31,0,-1
19,31,1,0
19,31,2,-1
19,32,0,-1
19,32,1,0
19,32,2,-1
19,33,0,-1
19,33,1,0
19,33,2,-1
19,34,0,-1
19,34,1,0
19,34,2,-1
19,35,0,-1
19,35,1,0
19,35,2,-1
19,36,0,-1
19,36,1,-1
19,36,2,-1
20,0,0,-1
20,0,1,-1
20,0,2,-1
20,1,0,-1
20,1,1,8
20,1,2,-1
20,2,0,-1
20,2,1,8
20,2,2,-1
20,3,0,-1
20,3,1,8
20,3,2,-1
20,4,0,-1
20,4,1,8
20,4,2,-1
20,5,0,-1
20,5,1,8
20,5,2,-1
20,6,0,-1
20,6,1,11
20,6,2,-1
20,7,0,-1
20,7,1,11
20,7,2,-1
20,8,0,-1
20,8,1,-1
20,8,2,-1
20,9,0,-1
20,9,1,-1
20,9,2,-1
20,10,0,-1
20,10,1,11
20,10,2,-1
20,11,0,-1
20,11,1,11
20,11,2,-1
20,12,0,-1
20,12,1,11
20,12,2,-1
20,13,0,-1
20,13,1,11
20,13,2,-1
20,14,0,-1
20,14,1,11
20,14,2,-1
20,15,0,-1
20,15,1,11
20,15,2,-1
20,16,0,-1
20,16,1,0
20,16,2,-1
20,17,0,-1
20,17,1,-1
20,17,2,-1
20,18,0,-1
20,18,1,-1
20,18,2,-1
20,19,0,-1
20,19,1,-1
20,19,2,-1
20,20,0,-1
20,20,1,0
20,20,2,-1
20,21,0,-1
20,21,1,0
20,21,2,-1
20,22,0,-1
20,22,1,0
20,22,2,-1
20,23,0,-1
20,23,1,0
20,23,2,-1
20,24,0,-1
20,24,1,0
20,24,2,-1
20,25,0,-1
20,25,1,0
20,25,2,-1
20,26,0,-1
20,26,1,0
20,26,2,-1
20,27,0,-1
20,27,1,-1
20,27,2,-1
20,28,0,-1
20,28,1,-1
20,28,2,-1
20,29,0,-1
20,29,1,0
20,29,2,-1
20,30,0,-1
20,30,1,0
20,30,2,-1
20,31,0,-1
20,31,1,0
20,31,2,-1
20,32,0,-1
20,32,1,0
20,32,2,-1
20,33,0,-1
20,33,1,0
20,33,2,-1
20,34,0,-1
20,34,1,0
20,34,2,-1
20,35,0,-1
20,35,1,0
20,35,2,-1
20,36,0,-1
20,36,1,-1
20,36,2,-1
21,0,0,-1
21,0,1,-1
21,0,2,-1
21,1,0,-1
21,1,1,8
21,1,2,-1
21,2,0,-1
21,2,1,8
21,2,2,-1
21,3,0,-1
21,3,1,8
21,3,2,-1
21,4,0,-1
21,4,1,8
21,4,2,-1
21,5,0,-1
21,5,1,8
21,5,2,-1
21,6,0,-1
21,6,1,11
21,6,2,-1
21,7,0,-1
21,7,1,11
21,7,2,-1
21,8,0,-1
21,8,1,-1
21,8,2,-1
21,9,0,-1
21,9,1,-1
21,9,2,-1
21,10,0,-1
21,10,1,11
21,10,2,-1
21,11,0,-1
21,11,1,11
21,11,2,-1
21,12,0,-1
21,12,1,11
21,12,2,-1
21,13,0,-1
21,13,1,11
21,13,2,-1
21,14,0,-1
21,14,1,11
21,14,2,-1
21,15,0,-1
21,15,1,11
21,15,2,-1
21,16,0,-1
21,16,1,0
21,16,2,-1
21,17,0,-1
21,17,1,-1
21,17,2,-1
21,18,0,-1
21,18,1,-1
21,18,2,-1
21,19,0,-1
21,19,1,-1
21,19,2,-1
21,20,0,-1
21,20,1,0
21,20,2,-1
21,21,0,-1
21,21,1,0
21,21,2,-1
21,22,0,-1
21,22,1,0
21,22,2,-1
21,23,0,-1
21,23,1,0
21,23,2,-1
21,24,0,-1
21,24,1,0
21,24,2,-1
21,25,0,-1
21,25,1,0
21,25,2,-1
21,26,0,-1
21,26,1,0
21,26,2,-1
21,27,0,-1
21,27,1,-1
21,27,2,-1
21,28,0,-1
21,28,1,-1
21,28,2,-1
21,29,0,-1
21,29,1,0
21,29,2,-1
21,30,0,-1
21,30,1,0
21,30,2,-1
21,31,0,-1
21,31,1,0
21,31,2,-1
21,32,0,-1
21,32,1,0
21,32,2,-1
21,33,0,-1
21,33,1,0
21,33,2,-1
21,34,0,-1
21,34,1,0
21,34,2,-1
21,35,0,-1
21,35,1,0
21,35,2,-1
21,36,0,-1
21,36,1,-1
21,36,2,-1
22,0,0,-1
22,0,1,-1
22,0,2,-1
22,1,0,-1
22,1,1,8
22,1,2,-1
22,2,0,-1
22,2,1,8
22,2,2,-1
22,3,0,-1
22,3,1,8
22,3,2,-1
22,4,0,-1
22,4,1,8
22,4,2,-1
22,5,0,-1
22,5,1,8
22,5,2,-1
22,6,0,-1
22,6,1,11
22,6,2,-1
22,7,0,-1
22,7,1,11
22,7,2,-1
22,8,0,-1
22,8,1,-1
22,8,2,-1
22,9,0,-1
22,9,1,-1
22,9,2,-1
22,10,0,-1
22,10,1,11
22,10,2,-1
22,11,0,-1
22,11,1,11
22,11,2,-1
22,12,0,-1
22,12,1,11
22,12,2,-1
22,13,0,-1
22,13,1,11
22,13,2,-1
22,14,0,-1
22,14,1,11
22,14,2,-1
22,15,0,-1
22,15,1,11
22,15,2,-1
22,16,0,-1
22,16,1,0
22,16,2,-1
22,17,0,-1
22,17,1,-1
22,17,2,-1
22,18,0,-1
22,18,1,-1
22,18,2,-1
22,19,0,-1
22,19,1,-1
22,19,2,-1
22,20,0,-1
22,20,1,0
22,20,2,-1
22,21,0,-1
22,21,1,0
22,21,2,-1
22,22,0,-1
22,22,1,0
22,22,2,-1
22,23,0,-1
22,23,1,0
22,23,2,-1
22,24,0,-1
22,24,1,0
22,24,2,-1
22,25,0,-1
22,25,1,0
22,25,2,-1
22,26,0,-1
22,26,1,0
22,26,2,-1
22,27,0,-1
22,27,1,-1
22,27,2,-1
22,28,0,-1
22,28,1,-1
22,28,2,-1
22,29,0,-1
22,29,1,0
22,29,2,-1
22,30,0,-1
22,30,1,0
22,30,2,-1
22,31,0,-1
22,31,1,0
22,31,2,-1
22,32,0,-1
22,32,1,0
22,32,2,-1
22,33,0,-1
22,33,1,0
22,33,2,-1
22,34,0,-1
22,34,1,0
22,34,2,-1
22,35,0,-1
22,35,1,0
22,35,2,-1
22,36,0,-1
22,36,1,-1
22,36,2,-1
23,0,0,-1
23,0,1,-1
23,0,2,-1
23,1,0,-1
23,1,1,8
23,1,2,-1
23,2,0,-1
23,2,1,8
23,2,2,-1
23,3,0,-1
23,3,1,8
23,3,2,-1
23,4,0,-1
23,4,1,8
23,4,2,-1
23,5,0,-1
23,5,1,11
23,5,2,-1
23,6,0,-1
23,6,1,11
23,6,2,-1
23,7,0,-1
23,7,1,11
23,7,2,-1
23,8,0,-1
23,8,1,-1
23,8,2,-1
23,9,0,-1
23,9,1,-1
23,9,2,-1
23,10,0,-1
23,10,1,11
23,10,2,-1
23,11,0,-1
23,11,1,11
23,11,2,-1
23,12,0,-1
23,12,1,11
23,12,2,-1
23,13,0,-1
23,13,1,11
23,13,2,-1
23,14,0,-1
23,14,1,11
23,14,2,-1
23,15,0,-1
23,15,1,11
23,15,2,-1
23,16,0,-1
23,16,1,11
23,16,2,-1
23,17,0,-1
23,17,1,-1
23,17,2,-1
23,18,0,-1
23,18,1,-1
23,18,2,-1
23,19,0,-1
23,19,1,-1
23,19,2,-1
23,20,0,-1
23,20,1,0
23,20,2,-1
23,21,0,-1
23,21,1,0
23,21,2,-1
23,22,0,-1
23,22,1,0
23,22,2,-1
23,23,0,-1
23,23,1,0
23,23,2,-1
23,24,0,-1
23,24,1,0
23,24,2,-1
23,25,0,-1
23,25,1,0
23,25,2,-1
23,26,0,-1
23,26,1,0
23,26,2,-1
23,27,0,-1
23,27,1,-1
23,27,2,-1
23,28,0,-1
23,28,1,-1
23,28,2,-1
23,29,0,-1
23,29,1,0
23,29,2,-1
23,30,0,-1
23,30,1,0
23,30,2,-1
23,31,0,-1
23,31,1,0
23,31,2,-1
23,32,0,-1
23,32,1,0
23,32,2,-1
23,33,0,-1
23,33,1,0
23,33,2,-1
23,34,0,-1
23,34,1,0
23,34,2,-1
23,35,0,-1
23,35,1,0
23,35,2,-1
23,36,0,-1
23,36,1,-1
23,36,2,-1
24,0,0,-1
24,0,1,-1
24,0,2,-1
24,1,0,-1
24,1,1,8
24,1,2,-1
24,2,0,-1
24,2,1,11
24,2,2,-1
24,3,0,-1
24,3,1,11
24,3,2,-1
24,4,0,-1
24,4,1,11
24,4,2,-1
24,5,0,-1
24,5,1,11
24,5,2,-1
24,6,0,-1
24,6,1,11
24,6,2,-1
24,7,0,-1
24,7,1,11
24,7,2,-1
24,8,0,-1
24,8,1,11
24,8,2,-1
24,9,0,-1
24,9,1,11
24,9,2,-1
24,10,0,-1
24,10,1,11
24,10,2,-1
24,11,0,-1
24,11,1,11
24,11,2,-1
24,12,0,-1
24,12,1,11
24,12,2,-1
24,13,0,-1
24,13,1,8
24,13,2,-1
24,14,0,-1
24,14,1,8
24,14,2,-1
24,15,0,-1
24,15,1,0
24,15,2,-1
24,16,0,-1
24,16,1,0
24,16,2,-1
24,17,0,-1
24,17,1,0
24,17,2,-1
24,18,0,-1
24,18,1,0
24,18,2,-1
24,19,0,-1
24,19,1,0
24,19,2,-1
24,20,0,-1
24,20,1,0
24,20,2,-1
24,21,0,-1
24,21,1,0
24,21,2,-1
24,22,0,-1
24,22,1,0
24,22,2,-1
24,23,0,-1
24,23,1,0
24,23,2,-1
24,24,0,-1
24,24,1,0
24,24,2,-1
24,25,0,-1
24,25,1,0
24,25,2,-1
24,26,0,-1
24,26,1,0
24,26,2,-1
24,27,0,-1
24,27,1,0
24,27,2,-1
24,28,0,-1
24,28,1,0
24,28,2,-1
24,29,0,-1
24,29,1,0
24,29,2,-1
24,30,0,-1
24,30,1,0
24,30,2,-1
24,31,0,-1
24,31,1,0
24,31,2,-1
24,32,0,-1
24,32,1,0
24,32,2,-1
24,33,0,-1
24,33,1,0
24,33,2,-1
24,34,0,-1
24,34,1,0
24,34,2,-1
24,35,0,-1
24,35,1,0
24,35,2,-1
24,36,0,-1
24,36,1,-1
24,36,2,-1
25,0,0,-1
25,0,1,-1
25,0,2,-1
25,1,0,-1
25,1,1,8
25,1,2,-1
25,2,0,-1
25,2,1,11
25,2,2,-1
25,3,0,-1
25,3,1,11
25,3,2,-1
25,4,0,-1
25,4,1,11
25,4,2,-1
25,5,0,-1
25,5,1,11
25,5,2,-1
25,6,0,-1
25,6,1,11
25,6,2,-1
25,7,0,-1
25,7,1,11
25,7,2,-1
25,8,0,-1
25,8,1,11
25,8,2,-1
25,9,0,-1
25,9,1,11
25,9,2,-1
25,10,0,-1
25,10,1,11
25,10,2,-1
25,11,0,-1
25,11,1,11
25,11,2,-1
25,12,0,-1
25,12,1,11
25,12,2,-1
25,13,0,-1
25,13,1,8
25,13,2,-1
25,14,0,-1
25,14,1,8
25,14,2,-1
25,15,0,-1
25,15,1,0
25,15,2,-1
25,16,0,-1
25,16,1,0
25,16,2,-1
25,17,0,-1
25,17,1,0
25,17,2,-1
25,18,0,-1
25,18,1,0
25,18,2,-1
25,19,0,-1
25,19,1,0
25,19,2,-1
25,20,0,-1
25,20,1,0
25,20,2,-1
25,21,0,-1
25,21,1,0
25,21,2,-1
25,22,0,-1
25,22,1,0
25,22,2,-1
25,23,0,-1
25,23,1,0
25,23,2,-1
25,24,0,-1
25,24,1,0
25,24,2,-1
25,25,0,-1
25,25,1,0
25,25,2,-1
25,26,0,-1
25,26,1,0
25,26,2,-1
25,27,0,-1
25,27,1,0
25,27,2,-1
25,28,0,-1
25,28,1,0
25,28,2,-1
25,29,0,-1
25,29,1,0
25,29,2,-1
25,30,0,-1
25,30,1,0
25,30,2,-1
25,31,0,-1
25,31,1,0
25,31,2,-1
25,32,0,-1
25,32,1,0
25,32,2,-1
25,33,0,-1
25,33,1,0
25,33,2,-1
25,34,0,-1
25,34,1,0
25,34,2,-1
25,35,0,-1
25,35,1,0
25,35,2,-1
25,36,0,-1
25,36,1,-1
25,36,2,-1
26,0,0,-1
26,0,1,-1
26,0,2,-1
26,1,0,-1
26,1,1,8
26,1,2,-1
26,2,0,-1
26,2,1,11
26,2,2,-1
26,3,0,-1
26,3,1,11
26,3,2,-1
26,4,0,-1
26,4,1,11
26,4,2,-1
26,5,0,-1
26,5,1,11
26,5,2,-1
26,6,0,-1
26,6,1,11
26,6,2,-1
26,7,0,-1
26,7,1,11
26,7,2,-1
26,8,0,-1
26,8,1,11
26,8,2,-1
26,9,0,-1
26,9,1,11
26,9,2,-1
26,10,0,-1
26,10,1,11
26,10,2,-1
26,11,0,-1
26,11,1,11
26,11,2,-1
26,12,0,-1
26,12,1,11
26,12,2,-1
26,13,0,-1
26,13,1,8
26,13,2,-1
26,14,0,-1
26,14,1,8
26,14,2,-1
26,15,0,-1
26,15,1,8
26,15,2,-1
26,16,0,-1
26,16,1,8
26,16,2,-1
26,17,0,-1
26,17,1,8
26,17,2,-1
26,18,0,-1
26,18,1,0
26,18,2,-1
26,19,0,-1
26,19,1,0
26,19,2,-1
26,20,0,-1
26,20,1,0
26,20,2,-1
26,21,0,-1
26,21,1,0
26,21,2,-1
26,22,0,-1
26,22,1,0
26,22,2,-1
26,23,0,-1
26,23,1,0
26,23,2,-1
26,24,0,-1
26,24,1,0
26,24,2,-1
26,25,0,-1
26,25,1,0
26,25,2,-1
26,26,0,-1
26,26,1,0
26,26,2,-1
26,27,0,-1
26,27,1,0
26,27,2,-1
26,28,0,-1
26,28,1,0
26,28,2,-1
26,29,0,-1
26,29,1,0
26,29,2,-1
26,30,0,-1
26,30,1,0
26,30,2,-1
26,31,0,-1
26,31,1,0
26,31,2,-1
26,32,0,-1
26,32,1,0
26,32,2,-1
26,33,0,-1
26,33,1,0
26,33,2,-1
26,34,0,-1
26,34,1,0
26,34,2,-1
26,35,0,-1
26,35,1,0
26,35,2,-1
26,36,0,-1
26,36,1,-1
26,36,2,-1
27,0,0,-1
27,0,1,-1
27,0,2,-1
27,1,0,-1
27,1,1,8
27,1,2,-1
27,2,0,-1
27,2,1,11
27,2,2,-1
27,3,0,-1
27,3,1,11
27,3,2,-1
27,4,0,-1
27,4,1,11
27,4,2,-1
27,5,0,-1
27,5,1,11
27,5,2,-1
27,6,0,-1
27,6,1,11
27,6,2,-1
27,7,0,-1
27,7,1,11
27,7,2,-1
27,8,0,-1
27,8,1,11
27,8,2,-1
27,9,0,-1
27,9,1,11
27,9,2,-1
27,10,0,-1
27,10,1,11
27,10,2,-1
27,11,0,-1
27,11,1,11
27,11,2,-1
27,12,0,-1
27,12,1,11
27,12,2,-1
27,13,0,-1
27,13,1,8
27,13,2,-1
27,14,0,-1
27,14,1,8
27,14,2,-1
27,15,0,-1
27,15,1,8
27,15,2,-1
27,16,0,-1
27,16,1,8
27,16,2,-1
27,17,0,-1
27,17,1,8
27,17,2,-1
27,18,0,-1
27,18,1,0
27,18,2,-1
27,19,0,-1
27,19,1,0
27,19,2,-1
27,20,0,-1
27,20,1,0
27,20,2,-1
27,21,0,-1
27,21,1,0
27,21,2,-1
27,22,0,-1
27,22,1,0
27,22,2,-1
27,23,0,-1
27,23,1,0
27,23,2,-1
27,24,0,-1
27,24,1,0
27,24,2,-1
27,25,0,-1
27,25,1,0
27,25,2,-1
27,26,0,-1
27,26,1,0
27,26,2,-1
27,27,0,-1
27,27,1,0
27,27,2,-1
27,28,0,-1
27,28,1,0
27,28,2,-1
27,29,0,-1
27,29,1,0
27,29,2,-1
27,30,0,-1
27,30,1,0
27,30,2,-1
27,31,0,-1
27,31,1,0
27,31,2,-1
27,32,0,-1
27,32,1,0
27,32,2,-1
27,33,0,-1
27,33,1,0
27,33,2,-1
27,34,0,-1
27,34,1,0
27,34,2,-1
27,35,0,-1
27,35,1,0
27,35,2,-1
27,36,0,-1
27,36,1,-1
27,36,2,-1
28,0,0,-1
28,0,1,-1
28,0,2,-1
28,1,0,-1
28,1,1,8
28,1,2,-1
28,2,0,-1
28,2,1,11
28,2,2,-1
28,3,0,-1
28,3,1,11
28,3,2,-1
28,4,0,-1
28,4,1,11
28,4,2,-1
28,5,0,-1
28,5,1,11
28,5,2,-1
28,6,0,-1
28,6,1,-1
28,6,2,-1
28,7,0,-1
28,7,1,-1
28,7,2,-1
28,8,0,-1
28,8,1,-1
28,8,2,-1
28,9,0,-1
28,9,1,-1
28,9,2,-1
28,10,0,-1
28,10,1,-1
28,10,2,-1
28,11,0,-1
28,11,1,-1
28,11,2,-1
28,12,0,-1
28,12,1,-1
28,12,2,-1
28,13,0,-1
28,13,1,8
28,13,2,-1
28,14,0,-1
28,14,1,8
28,14,2,-1
28,15,0,-1
28,15,1,8
28,15,2,-1
28,16,0,-1
28,16,1,8
28,16,2,-1
28,17,0,-1
28,17,1,8
28,17,2,-1
28,18,0,-1
28,18,1,0
28,18,2,-1
28,19,0,-1
28,19,1,0
28,19,2,-1
28,20,0,-1
28,20,1,0
28,20,2,-1
28,21,0,-1
28,21,1,0
28,21,2,-1
28,22,0,-1
28,22,1,0
28,22,2,-1
28,23,0,-1
28,23,1,0
28,23,2,-1
28,24,0,-1
28,24,1,-1
28,24,2,-1
28,25,0,-1
28,25,1,-1
28,25,2,-1
28,26,0,-1
28,26,1,0
28,26,2,-1
28,27,0,-1
28,27,1,0
28,27,2,-1
28,28,0,-1
28,28,1,0
28,28,2,-1
28,29,0,-1
28,29,1,0
28,29,2,-1
28,30,0,-1
28,30,1,-1
28,30,2,-1
28,31,0,-1
28,31,1,0
28,31,2,-1
28,32,0,-1
28,32,1,0
28,32,2,-1
28,33,0,-1
28,33,1,0
28,33,2,-1
28,34,0,-1
28,34,1,0
28,34,2,-1
28,35,0,-1
28,35,1,0
28,35,2,-1
28,36,0,-1
28,36,1,-1
28,36,2,-1
29,0,0,-1
29,0,1,-1
29,0,2,-1
29,1,0,-1
29,1,1,8
29,1,2,-1
29,2,0,-1
29,2,1,11
29,2,2,-1
29,3,0,-1
29,3,1,11
29,3,2,-1
29,4,0,-1
29,4,1,11
29,4,2,-1
29,5,0,-1
29,5,1,11
29,5,2,-1
29,6,0,-1
29,6,1,-1
29,6,2,-1
29,7,0,-1
29,7,1,-1
29,7,2,-1
29,8,0,-1
29,8,1,-1
29,8,2,-1
29,9,0,-1
29,9,1,-1
29,9,2,-1
29,10,0,-1
29,10,1,-1
29,10,2,-1
29,11,0,-1
29,11,1,-1
29,11,2,-1
29,12,0,-1
29,12,1,-1
29,12,2,-1
29,13,0,-1
29,13,1,8
29,13,2,-1
29,14,0,-1
29,14,1,8
29,14,2,-1
29,15,0,-1
29,15,1,8
29,15,2,-1
29,16,0,-1
29,16,1,8
29,16,2,-1
29,17,0,-1
29,17,1,8
29,17,2,-1
29,18,0,-1
29,18,1,0
29,18,2,-1
29,19,0,-1
29,19,1,0
29,19,2,-1
29,20,0,-1
29,20,1,0
29,20,2,-1
29,21,0,-1
29,21,1,0
29,21,2,-1
29,22,0,-1
29,22,1,0
29,22,2,-1
29,23,0,-1
29,23,1,0
29,23,2,-1
29,24,0,-1
29,24,1,-1
29,24,2,-1
29,25,0,-1
29,25,1,-1
29,25,2,-1
29,26,0,-1
29,26,1,0
29,26,2,-1
29,27,0,-1
29,27,1,0
29,27,2,-1
29,28,0,-1
29,28,1,0
29,28,2,-1
29,29,0,-1
29,29,1,0
29,29,2,-1
29,30,0,-1
29,30,1,-1
29,30,2,-1
29,31,0,-1
29,31,1,0
29,31,2,-1
29,32,0,-1
29,32,1,0
29,32,2,-1
29,33,0,-1
29,33,1,0
29,33,2,-1
29,34,0,-1
29,34,1,0
29,34,2,-1
29,35,0,-1
29,35,1,0
29,35,2,-1
29,36,0,-1
29,36,1,-1
29,36,2,-1
30,0,0,-1
30,0,1,-1
30,0,2,-1
30,1,0,-1
30,1,1,8
30,1,2,-1
30,2,0,-1
30,2,1,11
30,2,2,-1
30,3,0,-1
30,3,1,11
30,3,2,-1
30,4,0,-1
30,4,1,11
30,4,2,-1
30,5,0,-1
30,5,1,11
30,5,2,-1
30,6,0,-1
30,6,1,-1
30,6,2,-1
30,7,0,-1
30,7,1,-1
30,7,2,-1
30,8,0,-1
30,8,1,-1
30,8,2,-1
30,9,0,-1
30,9,1,-1
30,9,2,-1
30,10,0,-1
30,10,1,8
30,10,2,-1
30,11,0,-1
30,11,1,8
30,11,2,-1
30,12,0,-1
30,12,1,8
30,12,2,-1
30,13,0,-1
30,13,1,8
30,13,2,-1
30,14,0,-1
30,14,1,8
30,14,2,-1
30,15,0,-1
30,15,1,8
30,15,2,-1
30,16,0,-1
30,16,1,8
30,16,2,-1
30,17,0,-1
30,17,1,0
30,17,2,-1
30,18,0,-1
30,18,1,0
30,18,2,-1
30,19,0,-1
30,19,1,0
30,19,2,-1
30,20,0,-1
30,20,1,0
30,20,2,-1
30,21,0,-1
30,21,1,0
30,21,2,-1
30,22,0,-1
30,22,1,0
30,22,2,-1
30,23,0,-1
30,23,1,0
30,23,2,-1
30,24,0,-1
30,24,1,0
30,24,2,-1
30,25,0,-1
30,25,1,0
30,25,2,-1
30,26,0,-1
30,26,1,0
30,26,2,-1
30,27,0,-1
30,27,1,0
30,27,2,-1
30,28,0,-1
30,28,1,0
30,28,2,-1
30,29,0,-1
30,29,1,0
30,29,2,-1
30,30,0,-1
30,30,1,0
30,30,2,-1
30,31,0,-1
30,31,1,0
30,31,2,-1
30,32,0,-1
30,32,1,0
30,32,2,-1
30,33,0,-1
30,33,1,0
30,33,2,-1
30,34,0,-1
30,34,1,0
30,34,2,-1
30,35,0,-1
30,35,1,0
30,35,2,-1
30,36,0,-1
30,36,1,-1
30,36,2,-1
31,0,0,-1
31,0,1,-1
31,0,2,-1
31,1,0,-1
31,1,1,8
31,1,2,-1
31,2,0,-1
31,2,1,8
31,2,2,-1
31,3,0,-1
31,3,1,8
31,3,2,-1
31,4,0,-1
31,4,1,8
31,4,2,-1
31,5,0,-1
31,5,1,8
31,5,2,-1
31,6,0,-1
31,6,1,8
31,6,2,-1
31,7,0,-1
31,7,1,8
31,7,2,-1
31,8,0,-1
31,8,1,8
31,8,2,-1
31,9,0,-1
31,9,1,8
31,9,2,-1
31,10,0,-1
31,10,1,8
31,10,2,-1
31,11,0,-1
31,11,1,8
31,11,2,-1
31,12,0,-1
31,12,1,8
31,12,2,-1
31,13,0,-1
31,13,1,8
31,13,2,-1
31,14,0,-1
31,14,1,8
31,14,2,-1
31,15,0,-1
31,15,1,8
31,15,2,-1
31,16,0,-1
31,16,1,8
31,16,2,-1
31,17,0,-1
31,17,1,-1
31,17,2,-1
31,18,0,-1
31,18,1,-1
31,18,2,-1
31,19,0,-1
31,19,1,-1
31,19,2,-1
31,20,0,-1
31,20,1,0
31,20,2,-1
31,21,0,-1
31,21,1,0
31,21,2,-1
31,22,0,-1
31,22,1,0
31,22,2,-1
31,23,0,-1
31,23,1,0
31,23,2,-1
31,24,0,-1
31,24,1,0
31,24,2,-1
31,25,0,-1
31,25,1,0
31,25,2,-1
31,26,0,-1
31,26,1,0
31,26,2,-1
31,27,0,-1
31,27,1,-1
31,27,2,-1
31,28,0,-1
31,28,1,-1
31,28,2,-1
31,29,0,-1
31,29,1,0
31,29,2,-1
31,30,0,-1
31,30,1,0
31,30,2,-1
31,31,0,-1
31,31,1,0
31,31,2,-1
31,32,0,-1
31,32,1,0
31,32,2,-1
31,33,0,-1
31,33,1,0
31,33,2,-1
31,34,0,-1
31,34,1,0
31,34,2,-1
31,35,0,-1
31,35,1,0
31,35,2,-1
31,36,0,-1
31,36,1,-1
31,36,2,-1
32,0,0,-1
32,0,1,-1
32,0,2,-1
32,1,0,-1
32,1,1,8
32,1,2,-1
32,2,0,-1
32,2,1,8
32,2,2,-1
32,3,0,-1
32,3,1,8
32,3,2,-1
32,4,0,-1
32,4,1,8
32,4,2,-1
32,5,0,-1
32,5,1,8
32,5,2,-1
32,6,0,-1
32,6,1,8
32,6,2,-1
32,7,0,-1
32,7,1,8
32,7,2,-1
32,8,0,-1
32,8,1,8
32,8,2,-1
32,9,0,-1
32,9,1,8
32,9,2,-1
32,10,0,-1
32,10,1,8
32,10,2,-1
32,11,0,-1
32,11,1,8
32,11,2,-1
32,12,0,-1
32,12,1,8
32,12,2,-1
32,13,0,-1
32,13,1,8
32,13,2,-1
32,14,0,-1
32,14,1,8
32,14,2,-1
32,15,0,-1
32,15,1,8
32,15,2,-1
32,16,0,-1
32,16,1,8
32,16,2,-1
32,17,0,-1
32,17,1,-1
32,17,2,-1
32,18,0,-1
32,18,1,-1
32,18,2,-1
32,19,0,-1
32,19,1,-1
32,19,2,-1
32,20,0,-1
32,20,1,0
32,20,2,-1
32,21,0,-1
32,21,1,0
32,21,2,-1
32,22,0,-1
32,22,1,0
32,22,2,-1
32,23,0,-1
32,23,1,0
32,23,2,-1
32,24,0,-1
32,24,1,0
32,24,2,-1
32,25,0,-1
32,25,1,0
32,25,2,-1
32,26,0,-1
32,26,1,0
32,26,2,-1
32,27,0,-1
32,27,1,-1
32,27,2,-1
32,28,0,-1
32,28,1,-1
32,28,2,-1
32,29,0,-1
32,29,1,0
32,29,2,-1
32,30,0,-1
32,30,1,0
32,30,2,-1
32,31,0,-1
32,31,1,0
32,31,2,-1
32,32,0,-1
32,32,1,0
32,32,2,-1
32,33,0,-1
32,33,1,0
32,33,2,-1
32,34,0,-1
32,34,1,0
32,34,2,-1
32,35,0,-1
32,35,1,0
32,35,2,-1
32,36,0,-1
32,36,1,-1
32,36,2,-1
33,0,0,-1
33,0,1,-1
33,0,2,-1
33,1,0,-1
33,1,1,8
33,1,2,-1
33,2,0,-1
33,2,1,8
33,2,2,-1
33,3,0,-1
33,3,1,8
33,3,2,-1
33,4,0,-1
33,4,1,8
33,4,2,-1
33,5,0,-1
33,5,1,8
33,5,2,-1
33,6,0,-1
33,6,1,8
33,6,2,-1
33,7,0,-1
33,7,1,8
33,7,2,-1
33,8,0,-1
33,8,1,-1
33,8,2,-1
33,9,0,-1
33,9,1,-1
33,9,2,-1
33,10,0,-1
33,10,1,8
33,10,2,-1
33,11,0,-1
33,11,1,8
33,11,2,-1
33,12,0,-1
33,12,1,8
33,12,2,-1
33,13,0,-1
33,13,1,8
33,13,2,-1
33,14,0,-1
33,14,1,8
33,14,2,-1
33,15,0,-1
33,15,1,8
33,15,2,-1
33,16,0,-1
33,16,1,8
33,16,2,-1
33,17,0,-1
33,17,1,-1
33,17,2,-1
33,18,0,-1
33,18,1,-1
33,18,2,-1
33,19,0,-1
33,19,1,-1
33,19,2,-1
33,20,0,-1
33,20,1,0
33,20,2,-1
33,21,0,-1
33,21,1,0
33,21,2,-1
33,22,0,-1
33,22,1,0
33,22,2,-1
33,23,0,-1
33,23,1,0
33,23,2,-1
33,24,0,-1
33,24,1,0
33,24,2,-1
33,25,0,-1
33,25,1,0
33,25,2,-1
33,26,0,-1
33,26,1,0
33,26,2,-1
33,27,0,-1
33,27,1,-1
33,27,2,-1
33,28,0,-1
33,28,1,-1
33,28,2,-1
33,29,0,-1
33,29,1,0
33,29,2,-1
33,30,0,-1
33,30,1,0
33,30,2,-1
33,31,0,-1
33,31,1,0
33,31,2,-1
33,32,0,-1
33,32,1,0
33,32,2,-1
33,33,0,-1
33,33,1,0
33,33,2,-1
33,34,0,-1
33,34,1,0
33,34,2,-1
33,35,0,-1
33,35,1,0
33,35,2,-1
33,36,0,-1
33,36,1,-1
33,36,2,-1
34,0,0,-1
34,0,1,-1
34,0,2,-1
34,1,0,-1
34,1,1,8
34,1,2,-1
34,2,0,-1
34,2,1,8
34,2,2,-1
34,3,0,-1
34,3,1,8
34,3,2,-1
34,4,0,-1
34,4,1,8
34,4,2,-1
34,5,0,-1
34,5,1,8
34,5,2,-1
34,6,0,-1
34,6,1,8
34,6,2,-1
34,7,0,-1
34,7,1,8
34,7,2,-1
34,8,0,-1
34,8,1,-1
34,8,2,-1
34,9,0,-1
34,9,1,-1
34,9,2,-1
34,10,0,-1
34,10,1,8
34,10,2,-1
34,11,0,-1
34,11,1,8
34,11,2,-1
34,12,0,-1
34,12,1,8
34,12,2,-1
34,13,0,-1
34,13,1,8
34,13,2,-1
34,14,0,-1
34,14,1,8
34,14,2,-1
34,15,0,-1
34,15,1,8
34,15,2,-1
34,16,0,-1
34,16,1,8
34,16,2,-1
34,17,0,-1
34,17,1,-1
34,17,2,-1
34,18,0,-1
34,18,1,-1
34,18,2,-1
34,19,0,-1
34,19,1,-1
34,19,2,-1
34,20,0,-1
34,20,1,-1
34,20,2,-1
34,21,0,-1
34,21,1,-1
34,21,2,-1
34,22,0,-1
34,22,1,-1
34,22,2,-1
34,23,0,-1
34,23,1,-1
34,23,2,-1
34,24,0,-1
34,24,1,-1
34,24,2,-1
34,25,0,-1
34,25,1,-1
34,25,2,-1
34,26,0,-1
34,26,1,-1
34,26,2,-1
34,27,0,-1
34,27,1,-1
34,27,2,-1
34,28,0,-1
34,28,1,-1
34,28,2,-1
34,29,0,-1
34,29,1,0
34,29,2,-1
34,30,0,-1
34,30,1,0
34,30,2,-1
34,31,0,-1
34,31,1,0
34,31,2,-1
34,32,0,-1
34,32,1,0
34,32,2,-1
34,33,0,-1
34,33,1,0
34,33,2,-1
34,34,0,-1
34,34,1,0
34,34,2,-1
34,35,0,-1
34,35,1,0
34,35,2,-1
34,36,0,-1
34,36,1,-1
34,36,2,-1
35,0,0,-1
35,0,1,-1
35,0,2,-1
35,1,0,-1
35,1,1,8
35,1,2,-1
35,2,0,-1
35,2,1,8
35,2,2,-1
35,3,0,-1
35,3,1,8
35,3,2,-1
35,4,0,-1
35,4,1,8
35,4,2,-1
35,5,0,-1
35,5,1,8
35,5,2,-1
35,6,0,-1
35,6,1,8
35,6,2,-1
35,7,0,-1
35,7,1,8
35,7,2,-1
35,8,0,-1
35,8,1,-1
35,8,2,-1
35,9,0,-1
35,9,1,-1
35,9,2,-1
35,10,0,-1
35,10,1,8
35,10,2,-1
35,11,0,-1
35,11,1,8
35,11,2,-1
35,12,0,-1
35,12,1,8
35,12,2,-1
35,13,0,-1
35,13,1,8
35,13,2,-1
35,14,0,-1
35,14,1,8
35,14,2,-1
35,15,0,-1
35,15,1,8
35,15,2,-1
35,16,0,-1
35,16,1,8
35,16,2,-1
35,17,0,-1
35,17,1,-1
35,17,2,-1
35,18,0,-1
35,18,1,-1
35,18,2,-1
35,19,0,-1
35,19,1,-1
35,19,2,-1
35,20,0,-1
35,20,1,-1
35,20,2,-1
35,21,0,-1
35,21,1,-1
35,21,2,-1
35,22,0,-1
35,22,1,-1
35,22,2,-1
35,23,0,-1
35,23,1,-1
35,23,2,-1
35,24,0,-1
35,24,1,-1
35,24,2,-1
35,25,0,-1
35,25,1,-1
35,25,2,-1
35,26,0,-1
35,26,1,-1
35,26,2,-1
35,27,0,-1
35,27,1,-1
35,27,2,-1
35,28,0,-1
35,28,1,-1
35,28,2,-1
35,29,0,-1
35,29,1,0
35,29,2,-1
35,30,0,-1
35,30,1,0
35,30,2,-1
35,31,0,-1
35,31,1,0
35,31,2,-1
35,32,0,-1
35,32,1,0
35,32,2,-1
35,33,0,-1
35,33,1,0
35,33,2,-1
35,34,0,-1
35,34,1,0
35,34,2,-1
35,35,0,-1
35,35,1,0
35,35,2,-1
35,36,0,-1
35,36,1,-1
35,36,2,-1
36,0,0,-1
36,0,1,-1
36,0,2,-1
36,1,0,-1
36,1,1,8
36,1,2,-1
36,2,0,-1
36,2,1,8
36,2,2,-1
36,3,0,-1
36,3,1,8
36,3,2,-1
36,4,0,-1
36,4,1,8
36,4,2,-1
36,5,0,-1
36,5,1,8
36,5,2,-1
36,6,0,-1
36,6,1,8
36,6,2,-1
36,7,0,-1
36,7,1,8
36,7,2,-1
36,8,0,-1
36,8,1,-1
36,8,2,-1
36,9,0,-1
36,9,1,-1
36,9,2,-1
36,10,0,-1
36,10,1,-1
36,10,2,-1
36,11,0,-1
36,11,1,-1
36,11,2,-1
36,12,0,-1
36,12,1,-1
36,12,2,-1
36,13,0,-1
36,13,1,-1
36,13,2,-1
36,14,0,-1
36,14,1,-1
36,14,2,-1
36,15,0,-1
36,15,1,-1
36,15,2,-1
36,16,0,-1
36,16,1,-1
36,16,2,-1
36,17,0,-1
36,17,1,-1
36,17,2,-1
36,18,0,-1
36,18,1,-1
36,18,2,-1
36,19,0,-1
36,19,1,-1
36,19,2,-1
36,20,0,-1
36,20,1,-1
36,20,2,-1
36,21,0,-1
36,21,1,-1
36,21,2,-1
36,22,0,-1
36,22,1,-1
36,22,2,-1
36,23,0,-1
36,23,1,-1
36,23,2,-1
36,24,0,-1
36,24,1,-1
36,24,2,-1
36,25,0,-1
36,25,1,-1
36,25,2,-1
36,26,0,-1
36,26,1,-1
36,26,2,-1
36,27,0,-1
36,27,1,-1
36,27,2,-1
36,28,0,-1
36,28,1,-1
36,28,2,-1
36,29,0,-1
36,29,1,-1
36,29,2,-1
36,30,0,-1
36,30,1,-1
36,30,2,-1
36,31,0,-1
36,31,1,-1
36,31,2,-1
36,32,0,-1
36,32,1,-1
36,32,2,-1
36,33,0,-1
36,33,1,-1
36,33,2,-1
36,34,0,-1
36,34,1,-1
36,34,2,-1
36,35,0,-1
36,35,1,-1
36,35,2,-1
36,36,0,-1
36,36,1,-1
36,36,2,-1
37,0,0,-1
37,0,1,-1
37,0,2,-1
37,1,0,-1
37,1,1,8
37,1,2,-1
37,2,0,-1
37,2,1,8
37,2,2,-1
37,3,0,-1
37,3,1,8
37,3,2,-1
37,4,0,-1
37,4,1,8
37,4,2,-1
37,5,0,-1
37,5,1,8
37,5,2,-1
37,6,0,-1
37,6,1,8
37,6,2,-1
37,7,0,-1
37,7,1,8
37,7,2,-1
37,8,0,-1
37,8,1,-1
37,8,2,-1
37,9,0,-1
37,9,1,-1
37,9,2,-1
37,10,0,-1
37,10,1,-1
37,10,2,-1
37,11,0,-1
37,11,1,-1
37,11,2,-1
37,12,0,-1
37,12,1,-1
37,12,2,-1
37,13,0,-1
37,13,1,-1
37,13,2,-1
37,14,0,-1
37,14,1,-1
37,14,2,-1
37,15,0,-1
37,15,1,-1
37,15,2,-1
37,16,0,-1
37,16,1,-1
37,16,2,-1
37,17,0,-1
37,17,1,-1
37,17,2,-1
37,18,0,-1
37,18,1,-1
37,18,2,-1
37,19,0,-1
37,19,1,-1
37,19,2,-1
37,20,0,-1
37,20,1,-1
37,20,2,-1
37,21,0,-1
37,21,1,-1
37,21,2,-1
37,22,0,-1
37,22,1,-1
37,22,2,-1
37,23,0,-1
37,23,1,-1
37,23,2,-1
37,24,0,-1
37,24,1,-1
37,24,2,-1
37,25,0,-1
37,25,1,-1
37,25,2,-1
37,26,0,-1
37,26,1,-1
37,26,2,-1
37,27,0,-1
37,27,1,-1
37,27,2,-1
37,28,0,-1
37,28,1,-1
37,28,2,-1
37,29,0,-1
37,29,1,-1
37,29,2,-1
37,30,0,-1
37,30,1,-1
37,30,2,-1
37,31,0,-1
37,31,1,-1
37,31,2,-1
37,32,0,-1
37,32,1,-1
37,32,2,-1
37,33,0,-1
37,33,1,-1
37,33,2,-1
37,34,0,-1
37,34,1,-1
37,34,2,-1
37,35,0,-1
37,35,1,-1
37,35,2,-1
37,36,0,-1
37,36,1,-1
37,36,2,-1
38,0,0,-1
38,0,1,-1
38,0,2,-1
38,1,0,-1
38,1,1,-1
38,1,2,-1
38,2,0,-1
38,2,1,-1
38,2,2,-1
38,3,0,-1
38,3,1,-1
38,3,2,-1
38,4,0,-1
38,4,1,-1
38,4,2,-1
38,5,0,-1
38,5,1,-1
38,5,2,-1
38,6,0,-1
38,6,1,-1
38,6,2,-1
38,7,0,-1
38,7,1,-1
38,7,2,-1
38,8,0,-1
38,8,1,-1
38,8,2,-1
38,9,0,-1
38,9,1,-1
38,9,2,-1
38,10,0,-1
38,10,1,-1
38,10,2,-1
38,11,0,-1
38,11,1,-1
38,11,2,-1
38,12,0,-1
38,12,1,-1
38,12,2,-1
38,13,0,-1
38,13,1,-1
38,13,2,-1
38,14,0,-1
38,14,1,-1
38,14,2,-1
38,15,0,-1
38,15,1,-1
38,15,2,-1
38,16,0,-1
38,16,1,-1
38,16,2,-1
38,17,0,-1
38,17,1,-1
38,17,2,-1
38,18,0,-1
38,18,1,-1
38,18,2,-1
38,19,0,-1
38,19,1,-1
38,19,2,-1
38,20,0,-1
38,20,1,-1
38,20,2,-1
38,21,0,-1
38,21,1,-1
38,21,2,-1
38,22,0,-1
38,22,1,-1
38,22,2,-1
38,23,0,-1
38,23,1,-1
38,23,2,-1
38,24,0,-1
38,24,1,-1
38,24,2,-1
38,25,0,-1
38,25,1,-1
38,25,2,-1
38,26,0,-1
38,26,1,-1
38,26,2,-1
38,27,0,-1
38,27,1,-1
38,27,2,-1
38,28,0,-1
38,28,1,-1
38,28,2,-1
38,29,0,-1
38,29,1,-1
38,29,2,-1
38,30,0,-1
38,30,1,-1
38,30,2,-1
38,31,0,-1
38,31,1,-1
38,31,2,-1
38,32,0,-1
38,32,1,-1
38,32,2,-1
38,33,0,-1
38,33,1,-1
38,33,2,-1
38,34,0,-1
38,34,1,-1
38,34,2,-1
38,35,0,-1
38,35,1,-1
38,35,2,-1
38,36,0,-1
38,36,1,-1
38,36,2,-1
